﻿date;new_cases;total_cases;total_deaths;underreporting_estimate;lower;upper;underreporting_estimate_clean;expected_new_cases
2020-06-15;5143;179094;4106;0,60;0,55;0,45;60% (55% - 45%); 8229
2020-06-14;6938;173951;3972;0,61;0,55;0,45;61% (55% - 45%);11170
2020-06-13;6509;167013;3826;0,61;0,55;0,45;61% (55% - 45%);10479
2020-06-12;6754;160504;3679;0,61;0,55;0,45;61% (55% - 45%);10874
2020-06-11;5596;153750;3530;0,61;0,55;0,45;61% (55% - 45%); 9010
2020-06-10;5737;148154;3372;0,61;0,55;0,45;61% (55% - 45%); 9237
2020-06-09;3913;142417;3219;0,61;0,55;0,45;61% (55% - 45%); 6300
2020-06-08;4696;138504;3052;0,61;0,55;0,45;61% (55% - 45%); 7561
2020-06-07;6405;133808;2917;0,61;0,55;0,45;61% (55% - 45%);10312
2020-06-06;5246;127403;2773;0,61;0,55;0,45;61% (55% - 45%); 8446
2020-06-05;4207;122157;2619;0,61;0,55;0,45;61% (55% - 45%); 6773
2020-06-04;4664;117950;2471;0,60;0,54;0,46;60% (54% - 46%); 7462
2020-06-03;4942;113286;2327;0,60;0,54;0,46;60% (54% - 46%); 7907
2020-06-02;3527;108344;2178;0,60;0,54;0,46;60% (54% - 46%); 5643
2020-06-01;5471;104817;2045;0,60;0,53;0,47;60% (53% - 47%); 8754
2020-05-31;4830; 99346;1903;0,59;0,52;0,48;59% (52% - 48%); 7680
2020-05-30;4220; 94516;1790;0,59;0,52;0,48;59% (52% - 48%); 6710
2020-05-29;3695; 90296;1664;0,59;0,52;0,48;59% (52% - 48%); 5875
2020-05-28;4654; 86601;1543;0,58;0,51;0,49;58% (51% - 49%); 7353
2020-05-27;4328; 81947;1430;0,57;0,50;0,50;57% (50% - 50%); 6795
2020-05-26;3964; 77619;1312;0,56;0,49;0,51;56% (49% - 51%); 6184
2020-05-25;4895; 73655;1206;0,56;0,48;0,52;56% (48% - 52%); 7636
2020-05-24;3709; 68760;1120;0,55;0,47;0,53;55% (47% - 53%); 5749
2020-05-23;3536; 65051;1025;0,54;0,46;0,54;54% (46% - 54%); 5445
2020-05-22;4276; 61515; 939;0,53;0,44;0,56;53% (44% - 56%); 6542
2020-05-21;3964; 57239; 869;0,52;0,43;0,57;52% (43% - 57%); 6025
2020-05-20;4038; 53275; 807;0,51;0,42;0,58;51% (42% - 58%); 6097
2020-05-19;3520; 49237; 742;0,50;0,40;0,60;50% (40% - 60%); 5280
2020-05-18;2278; 45717; 681;0,49;0,39;0,61;49% (39% - 61%); 3394
2020-05-17;2353; 43439; 619;0,47;0,36;0,64;47% (36% - 64%); 3459
2020-05-16;1886; 41086; 573;0,46;0,35;0,65;46% (35% - 65%); 2754
2020-05-15;2502; 39200; 524;0,44;0,32;0,68;44% (32% - 68%); 3603
2020-05-14;2659; 36698; 492;0,44;0,32;0,68;44% (32% - 68%); 3829
2020-05-13;2660; 34039; 457;0,42;0,30;0,70;42% (30% - 70%); 3777
2020-05-12;1658; 31379; 419;0,41;0,27;0,73;41% (27% - 73%); 2338
2020-05-11;1197; 29721; 393;0,40;0,27;0,73;40% (27% - 73%); 1676
2020-05-10;1647; 28524; 374;0,41;0,27;0,73;41% (27% - 73%); 2322
2020-05-09;1247; 26877; 344;0,39;0,25;0,75;39% (25% - 75%); 1733
2020-05-08;1391; 25630; 322;0,38;0,24;0,76;38% (24% - 76%); 1920
2020-05-07;1533; 24239; 306;0,39;0,24;0,76;39% (24% - 76%); 2131
2020-05-06;1032; 22706; 277;0,36;0,20;0,80;36% (20% - 80%); 1404
2020-05-05;1373; 21674; 263;0,36;0,19;0,81;36% (19% - 81%); 1867
2020-05-04; 980; 20301; 252;0,36;0,20;0,80;36% (20% - 80%); 1333
2020-05-03;1228; 19321; 240;0,36;0,20;0,80;36% (20% - 80%); 1670
2020-05-02;1427; 18093; 221;0,34;0,16;0,84;34% (16% - 84%); 1912
2020-05-01; 985; 16666; 214;0,35;0,17;0,83;35% (17% - 83%); 1330
2020-04-30; 888; 15681; 204;0,35;0,17;0,83;35% (17% - 83%); 1199
2020-04-29; 770; 14793; 196;0,35;0,17;0,83;35% (17% - 83%); 1040
2020-04-28; 552; 14023; 190;0,36;0,18;0,82;36% (18% - 82%);  751
2020-04-27; 482; 13471; 183;0,37;0,19;0,81;37% (19% - 81%);  660
2020-04-26; 473; 12989; 172;0,36;0,17;0,83;36% (17% - 83%);  643
2020-04-25; 552; 12516; 163;0,36;0,17;0,83;36% (17% - 83%);  751
2020-04-24; 494; 11964; 156;0,36;0,17;0,83;36% (17% - 83%);  672
2020-04-23; 516; 11470; 150;0,37;0,18;0,82;37% (18% - 82%);  707
2020-04-22; 464; 10954; 143;0,38;0,18;0,82;38% (18% - 82%);  640
2020-04-21; 325; 10490; 138;0,39;0,20;0,80;39% (20% - 80%);  452
2020-04-20; 419; 10165; 130;0,40;0,20;0,80;40% (20% - 80%);  587
2020-04-19; 358;  9746; 120;0,39;0,18;0,82;39% (18% - 82%);  498
2020-04-18; 478;  9388; 115;0,40;0,20;0,80;40% (20% - 80%);  669
2020-04-17; 445;  8910; 109;0,41;0,21;0,79;41% (21% - 79%);  627
2020-04-16; 534;  8465; 104;0,43;0,23;0,77;43% (23% - 77%);  764
2020-04-15; 356;  7931;  98;0,44;0,24;0,76;44% (24% - 76%);  513
2020-04-14; 392;  7575;  90;0,44;0,23;0,77;44% (23% - 77%);  564
2020-04-13; 312;  7183;  86;0,47;0,26;0,74;47% (26% - 74%);  459
2020-04-12; 286;  6871;  77;0,46;0,24;0,76;46% (24% - 76%);  418
2020-04-11; 426;  6585;  74;0,49;0,29;0,71;49% (29% - 71%);  635
2020-04-10; 529;  6159;  67;0,50;0,28;0,72;50% (28% - 72%);  794
2020-04-09; 426;  5630;  61;0,51;0,29;0,71;51% (29% - 71%);  643
2020-04-08; 430;  5204;  52;0,49;0,25;0,75;49% (25% - 75%);  641
2020-04-07; 301;  4774;  42;0,45;0,15;0,85;45% (15% - 85%);  436
2020-04-06; 344;  4473;  38;0,47;0,18;0,82;47% (18% - 82%);  506
2020-04-05; 310;  4129;  33;0,48;0,17;0,83;48% (17% - 83%);  459
2020-04-04; 424;  3819;  32;0,55;0,27;0,73;55% (27% - 73%);  657
2020-04-03; 333;  3395;  24;0,50;0,14;0,86;50% (14% - 86%);  500
2020-04-02; 373;  3062;  18;0,45;0,00;1,00;45% (0% - 100%);  541
2020-04-01; 293;  2689;  14;0,44;0,00;1,00;44% (0% - 100%);  422
2020-03-31; 289;  2396;  13;0,53;0,02;0,98;53% (2% - 98%);  442
2020-03-30; 310;  2107;   9;0,48;0,00;1,00;48% (0% - 100%);  459
