﻿date;new_cases;total_cases;total_deaths;nCFR;nCFR_LQ;nCFR_UQ;cCFR;cCFR_LQ;cCFR_UQ;letalidad_caso_cruda;letalidad_caso_aj_retraso
2020-03-30; 310;  2107;   9;0,004271476;0,001954994;0,008093040;0,02663897;0,01224639;0,04994333;0.427% (0.195% - 0.809%);2.66% (1.22% - 4.99%)
2020-03-31; 289;  2396;  13;0,005425710;0,002892030;0,009260257;0,02919237;0,01564473;0,04943789;0.543% (0.289% - 0.926%);2.92% (1.56% - 4.94%)
2020-04-01; 293;  2689;  14;0,005206396;0,002849221;0,008720034;0,02454067;0,01349153;0,04086676;0.521% (0.285% - 0.872%);2.45% (1.35% - 4.09%)
2020-04-02; 373;  3062;  18;0,005878511;0,003487588;0,009274728;0,02524934;0,01502913;0,03960605;0.588% (0.349% - 0.927%);2.52% (1.5% - 3.96%)
2020-04-03; 333;  3395;  24;0,007069219;0,004534480;0,010500289;0,02751998;0,01771233;0,04067641;0.707% (0.453% - 1.05%);2.75% (1.77% - 4.07%)
2020-04-04; 424;  3819;  32;0,008379157;0,005738195;0,011808449;0,03052998;0,02097727;0,04283361;0.838% (0.574% - 1.18%);3.05% (2.1% - 4.28%)
2020-04-05; 310;  4129;  33;0,007992250;0,005507700;0,011205938;0,02658600;0,01837346;0,03714296;0.799% (0.551% - 1.12%);2.66% (1.84% - 3.71%)
2020-04-06; 344;  4473;  38;0,008495417;0,006018676;0,011642151;0,02617887;0,01858508;0,03574581;0.85% (0.602% - 1.16%);2.62% (1.86% - 3.57%)
2020-04-07; 301;  4774;  42;0,008797654;0,006347722;0,011873455;0,02503059;0,01809746;0,03368364;0.88% (0.635% - 1.19%);2.5% (1.81% - 3.37%)
2020-04-08; 430;  5204;  52;0,009992314;0,007471489;0,013083178;0,02710460;0,02031302;0,03540260;0.999% (0.747% - 1.31%);2.71% (2.03% - 3.54%)
2020-04-09; 426;  5630;  61;0,010834813;0,008297628;0,013896283;0,02809257;0,02155913;0,03594773;1.08% (0.83% - 1.39%);2.81% (2.16% - 3.59%)
2020-04-10; 529;  6159;  67;0,010878389;0,008440271;0,013794850;0,02749929;0,02137745;0,03479902;1.09% (0.844% - 1.38%);2.75% (2.14% - 3.48%)
2020-04-11; 426;  6585;  74;0,011237661;0,008833997;0,014087573;0,02725817;0,02146104;0,03409778;1.12% (0.883% - 1.41%);2.73% (2.15% - 3.41%)
2020-04-12; 286;  6871;  77;0,011206520;0,008853850;0,013986586;0,02559641;0,02025344;0,03189089;1.12% (0.885% - 1.4%);2.56% (2.03% - 3.19%)
2020-04-13; 312;  7183;  86;0,011972713;0,009587474;0,014765362;0,02593120;0,02079568;0,03193132;1.2% (0.959% - 1.48%);2.59% (2.08% - 3.19%)
2020-04-14; 392;  7575;  90;0,011881188;0,009564405;0,014584076;0,02475137;0,01994979;0,03033834;1.19% (0.956% - 1.46%);2.48% (1.99% - 3.03%)
2020-04-15; 356;  7931;  98;0,012356575;0,010042738;0,015038319;0,02472543;0,02011542;0,03004702;1.24% (1% - 1.5%);2.47% (2.01% - 3%)
2020-04-16; 534;  8465; 104;0,012285883;0,010049186;0,014867006;0,02420678;0,01982197;0,02925726;1.23% (1% - 1.49%);2.42% (1.98% - 2.93%)
2020-04-17; 445;  8910; 109;0,012233446;0,010055400;0,014738515;0,02352124;0,01935268;0,02830516;1.22% (1.01% - 1.47%);2.35% (1.94% - 2.83%)
2020-04-18; 478;  9388; 115;0,012249680;0,010123671;0,014685804;0,02309866;0,01910570;0,02766005;1.22% (1.01% - 1.47%);2.31% (1.91% - 2.77%)
2020-04-19; 358;  9746; 120;0,012312744;0,010218744;0,014705241;0,02250690;0,01869378;0,02685169;1.23% (1.02% - 1.47%);2.25% (1.87% - 2.69%)
2020-04-20; 419; 10165; 130;0,012788982;0,010695918;0,015167636;0,02283176;0,01910967;0,02705177;1.28% (1.07% - 1.52%);2.28% (1.91% - 2.71%)
2020-04-21; 325; 10490; 138;0,013155386;0,011063277;0,015523801;0,02275814;0,01915232;0,02683076;1.32% (1.11% - 1.55%);2.28% (1.92% - 2.68%)
2020-04-22; 464; 10954; 143;0,013054592;0,011013502;0,015360212;0,02220668;0,01874621;0,02610523;1.31% (1.1% - 1.54%);2.22% (1.87% - 2.61%)
2020-04-23; 516; 11470; 150;0,013077594;0,011079219;0,015328426;0,02199738;0,01864830;0,02576331;1.31% (1.11% - 1.53%);2.2% (1.86% - 2.58%)
2020-04-24; 494; 11964; 156;0,013039117;0,011083726;0,015236439;0,02166024;0,01842391;0,02529218;1.3% (1.11% - 1.52%);2.17% (1.84% - 2.53%)
2020-04-25; 552; 12516; 163;0,013023330;0,011111023;0,015166777;0,02147391;0,01833085;0,02498924;1.3% (1.11% - 1.52%);2.15% (1.83% - 2.5%)
2020-04-26; 473; 12989; 172;0,013241974;0,011347317;0,015359105;0,02153644;0,01846676;0,02496432;1.32% (1.13% - 1.54%);2.15% (1.85% - 2.5%)
2020-04-27; 482; 13471; 183;0,013584738;0,011698438;0,015685240;0,02180804;0,01879126;0,02516498;1.36% (1.17% - 1.57%);2.18% (1.88% - 2.52%)
2020-04-28; 552; 14023; 190;0,013549169;0,011701497;0,015602536;0,02157686;0,01864385;0,02483070;1.35% (1.17% - 1.56%);2.16% (1.86% - 2.48%)
2020-04-29; 770; 14793; 196;0,013249510;0,011469354;0,015224703;0,02123705;0,01839366;0,02438865;1.32% (1.15% - 1.52%);2.12% (1.84% - 2.44%)
2020-04-30; 888; 15681; 204;0,013009374;0,011294716;0,014908032;0,02111128;0,01833849;0,02417805;1.3% (1.13% - 1.49%);2.11% (1.83% - 2.42%)
2020-05-01; 985; 16666; 214;0,012840514;0,011186646;0,014667473;0,02116179;0,01844501;0,02415715;1.28% (1.12% - 1.47%);2.12% (1.84% - 2.42%)
2020-05-02;1427; 18093; 221;0,012214669;0,010665273;0,013923652;0,02087775;0,01824001;0,02378514;1.22% (1.07% - 1.39%);2.09% (1.82% - 2.38%)
2020-05-03;1228; 19321; 240;0,012421717;0,010907805;0,014084879;0,02163706;0,01901061;0,02451889;1.24% (1.09% - 1.41%);2.16% (1.9% - 2.45%)
2020-05-04; 980; 20301; 252;0,012413182;0,010935625;0,014032714;0,02163968;0,01907460;0,02444861;1.24% (1.09% - 1.4%);2.16% (1.91% - 2.44%)
2020-05-05;1373; 21674; 263;0,012134355;0,010719412;0,013682297;0,02146420;0,01897140;0,02418763;1.21% (1.07% - 1.37%);2.15% (1.9% - 2.42%)
2020-05-06;1032; 22706; 277;0,012199419;0,010812260;0,013713450;0,02144555;0,01901750;0,02409386;1.22% (1.08% - 1.37%);2.14% (1.9% - 2.41%)
2020-05-07;1533; 24239; 306;0,012624283;0,011256813;0,014110386;0,02244233;0,02002176;0,02506938;1.26% (1.13% - 1.41%);2.24% (2% - 2.51%)
2020-05-08;1391; 25630; 322;0,012563402;0,011235793;0,014003167;0,02235111;0,02000001;0,02489913;1.26% (1.12% - 1.4%);2.24% (2% - 2.49%)
2020-05-09;1247; 26877; 344;0,012799048;0,011489471;0,014215462;0,02258469;0,02028329;0,02506952;1.28% (1.15% - 1.42%);2.26% (2.03% - 2.51%)
2020-05-10;1647; 28524; 374;0,013111766;0,011823908;0,014500154;0,02321485;0,02094541;0,02565969;1.31% (1.18% - 1.45%);2.32% (2.09% - 2.57%)
2020-05-11;1197; 29721; 393;0,013222974;0,011955255;0,014587112;0,02306163;0,02086074;0,02542809;1.32% (1.2% - 1.46%);2.31% (2.09% - 2.54%)
2020-05-12;1658; 31379; 419;0,013352879;0,012112170;0,014684842;0,02324798;0,02109753;0,02555427;1.34% (1.21% - 1.47%);2.32% (2.11% - 2.56%)
2020-05-13;2660; 34039; 457;0,013425776;0,012230114;0,014705491;0,02398602;0,02185981;0,02625855;1.34% (1.22% - 1.47%);2.4% (2.19% - 2.63%)
2020-05-14;2659; 36698; 492;0,013406725;0,012255052;0,014636321;0,02443478;0,02234653;0,02666241;1.34% (1.23% - 1.46%);2.44% (2.23% - 2.67%)
2020-05-15;2502; 39200; 524;0,013367347;0,012253895;0,014553720;0,02461265;0,02257286;0,02678330;1.34% (1.23% - 1.46%);2.46% (2.26% - 2.68%)
2020-05-16;1886; 41086; 573;0,013946356;0,012834719;0,015127441;0,02542284;0,02340686;0,02756195;1.39% (1.28% - 1.51%);2.54% (2.34% - 2.76%)
2020-05-17;2353; 43439; 619;0,014249868;0,013156371;0,015408974;0,02590758;0,02392978;0,02800099;1.42% (1.32% - 1.54%);2.59% (2.39% - 2.8%)
2020-05-18;2278; 45717; 681;0,014895991;0,013805527;0,016048674;0,02686695;0,02491116;0,02893247;1.49% (1.38% - 1.6%);2.69% (2.49% - 2.89%)
2020-05-19;3520; 49237; 742;0,015069968;0,014012354;0,016185301;0,02758951;0,02566480;0,02961775;1.51% (1.4% - 1.62%);2.76% (2.57% - 2.96%)
2020-05-20;4038; 53275; 807;0,015147818;0,014127750;0,016221196;0,02828341;0,02639010;0,03027282;1.51% (1.41% - 1.62%);2.83% (2.64% - 3.03%)
2020-05-21;3964; 57239; 869;0,015181956;0,014196146;0,016217360;0,02869978;0,02684799;0,03064267;1.52% (1.42% - 1.62%);2.87% (2.68% - 3.06%)
2020-05-22;4276; 61515; 939;0,015264570;0,014310503;0,016264754;0,02919617;0,02738308;0,03109449;1.53% (1.43% - 1.63%);2.92% (2.74% - 3.11%)
2020-05-23;3536; 65051;1025;0,015756868;0,014813839;0,016743443;0,02996490;0,02818330;0,03182634;1.58% (1.48% - 1.67%);3% (2.82% - 3.18%)
2020-05-24;3709; 68760;1120;0,016288540;0,015355583;0,017262631;0,03074542;0,02899662;0,03256987;1.63% (1.54% - 1.73%);3.07% (2.9% - 3.26%)
2020-05-25;4895; 73655;1206;0,016373634;0,015469429;0,017316219;0,03106420;0,02936057;0,03283816;1.64% (1.55% - 1.73%);3.11% (2.94% - 3.28%)
2020-05-26;3964; 77619;1312;0,016903078;0,016007857;0,017834665;0,03170393;0,03003658;0,03343722;1.69% (1.6% - 1.78%);3.17% (3% - 3.34%)
2020-05-27;4328; 81947;1430;0,017450303;0,016564794;0,018370205;0,03242062;0,03078704;0,03411572;1.75% (1.66% - 1.84%);3.24% (3.08% - 3.41%)
2020-05-28;4654; 86601;1543;0,017817346;0,016946694;0,018720507;0,03283518;0,03124242;0,03448638;1.78% (1.69% - 1.87%);3.28% (3.12% - 3.45%)
2020-05-29;3695; 90296;1664;0,018428280;0,017561001;0,019326689;0,03326058;0,03170655;0,03486933;1.84% (1.76% - 1.93%);3.33% (3.17% - 3.49%)
2020-05-30;4220; 94516;1790;0,018938592;0,018079094;0,019827790;0,03364091;0,03212501;0,03520798;1.89% (1.81% - 1.98%);3.36% (3.21% - 3.52%)
2020-05-31;4830; 99346;1903;0,019155276;0,018311954;0,020026833;0,03367329;0,03220100;0,03519329;1.92% (1.83% - 2%);3.37% (3.22% - 3.52%)
2020-06-01;5471;104817;2045;0,019510194;0,018681432;0,020365691;0,03412403;0,03268500;0,03560891;1.95% (1.87% - 2.04%);3.41% (3.27% - 3.56%)
2020-06-02;3527;108344;2178;0,020102636;0,019275162;0,020955937;0,03432413;0,03292097;0,03576998;2.01% (1.93% - 2.1%);3.43% (3.29% - 3.58%)
2020-06-03;4942;113286;2327;0,020540932;0,019722841;0,021383694;0,03468269;0,03331087;0,03609493;2.05% (1.97% - 2.14%);3.47% (3.33% - 3.61%)
2020-06-04;4664;117950;2471;0,020949555;0,020139795;0,021782986;0,03488285;0,03354374;0,03626033;2.09% (2.01% - 2.18%);3.49% (3.35% - 3.63%)
2020-06-05;4207;122157;2619;0,021439623;0,020634652;0,022267422;0,03507295;0,03376484;0,03641728;2.14% (2.06% - 2.23%);3.51% (3.38% - 3.64%)
2020-06-06;5246;127403;2773;0,021765579;0,020971308;0,022581718;0,03528312;0,03400401;0,03659652;2.18% (2.1% - 2.26%);3.53% (3.4% - 3.66%)
2020-06-07;6405;133808;2917;0,021799892;0,021024096;0,022596506;0,03531983;0,03407129;0,03660129;2.18% (2.1% - 2.26%);3.53% (3.41% - 3.66%)
2020-06-08;4696;138504;3052;0,022035465;0,021268766;0,022822263;0,03521537;0,03399790;0,03646384;2.2% (2.13% - 2.28%);3.52% (3.4% - 3.65%)
2020-06-09;3913;142417;3219;0,022602639;0,021836921;0,023387877;0,03543281;0,03424001;0,03665539;2.26% (2.18% - 2.34%);3.54% (3.42% - 3.67%)
2020-06-10;5737;148154;3372;0,022760101;0,022006661;0,023532297;0,03544627;0,03428016;0,03664074;2.28% (2.2% - 2.35%);3.54% (3.43% - 3.66%)
2020-06-11;5596;153750;3530;0,022959350;0,022216457;0,023720306;0,03548000;0,03433894;0,03664801;2.3% (2.22% - 2.37%);3.55% (3.43% - 3.66%)
2020-06-12;6754;160504;3679;0,022921547;0,022194923;0,023665474;0,03539850;0,03428324;0,03653976;2.29% (2.22% - 2.37%);3.54% (3.43% - 3.65%)
2020-06-13;6509;167013;3826;0,022908396;0,022196167;0,023637253;0,03527656;0,03418658;0,03639167;2.29% (2.22% - 2.36%);3.53% (3.42% - 3.64%)
2020-06-14;6938;173951;3972;0,022834016;0,022137147;0,023546851;0,03511996;0,03405466;0,03620923;2.28% (2.21% - 2.35%);3.51% (3.41% - 3.62%)
2020-06-15;5143;179094;4106;0,022926508;0,022238276;0,023630242;0,03483213;0,03379256;0,03589447;2.29% (2.22% - 2.36%);3.48% (3.38% - 3.59%)
